function[F] = HW04Problem2b(x)
F = zeros(1,9);
F(1)= 300 - x(1) - 50000*x(4)^2;
F(2)= x(1)- x(2) - 50000*x(5)^2;
F(3)= x(1)- x(3) - 50000*x(6)^2;
F(4)= x(2)- x(3) - 25000*x(7)^2;
F(5)= x(2)- 100 - 50000*x(8)^2;
F(6)= x(3)- 100 - 50000*x(9)^2;
F(7)=.2^2*x(4) - .1^2*x(5) - .1^2*x(6);
F(8)=.1^2*x(5) - .2^2*x(7) - .1^2*x(8);
F(9)=.2^2*x(7) + .1^2*x(6) - .1^2*x(9);
End
